gf1.C1,gf1.C2,gf1.C3,gf1.C4,gf1.C5,gf1.C6,gf1.C7,gf2.C1,gf2.C2,gf2.C3,gf2.C4,gf2.C5,gf2.C6,gf3.C1,gf3.C2,gf3.C3,gf3.C4,gf3.C5,gf3.C6,gf4.C1,gf4.C2,gf4.C3,gf4.C4,gf4.C5,gf4.C6
0,0.15985989876292295,0.4465945330446033,0.23554838346063534,0.18649008619315688,0.523095263685478,0.946522756890457,0.07153102751585205,0.2570813984625545,0.6044390465024739,0.15974363045889395,0.46466258645055647,0.9722285616499897,0.2782316748392534,1.5995800898461987,0.4830313351361617,0.5730505884034491,0.4421743801395833,1.4849866935654645,0.027826485540615842,0.2920512732167593,0.5822422243229142,0.10703233469585671,1.625903333715746,0.8984604987145413
0.15985989876292295,0,0.23324418644176415,0.34657137587041187,0.5330060966990287,0.5105826893960748,0.996825787486116,0.16452187779693705,0.02078361358656211,0.49505258947436737,0.33120716837178754,0.2683157249279643,1.0436861185960022,0.18039316722918275,1.4347204967681662,0.4586487943736818,0.8775579992880069,0.8222997114328524,1.7057521095695538,0.10251712683743319,0.039961848487190754,0.3714410628939705,0.36098821957802363,1.8960117617340932,0.9648984224453003
0.4465945330446033,0.23324418644176415,0,0.1870858171009978,0.7061217317321755,0.1396986837798191,0.4172712077352788,0.6497254839961797,0.16530504687256564,0.08977111806840421,0.27502112481908336,0.01578551761985958,0.46814766595984325,0.7207470488213086,0.9516011648056818,0.8929972163112053,0.5929236162607956,1.0662414528861994,1.1892116963270327,0.4662074950771219,0.21408848008015713,0.07722789005655073,0.4207931776746824,1.7812319631318516,0.40804668111279285
0.23554838346063534,0.34657137587041187,0.1870858171009978,0,0.29172251481395395,0.08615829439545197,0.32463270255284726,0.5077839990104196,0.36503550159148346,0.15685914567535086,0.0191044769395331,0.17593487236111227,0.3476921756886996,0.7922551109240963,1.2382781626521833,0.793116309793151,0.23542308082180818,0.5573847247764943,0.9526551960268957,0.3355292732668733,0.45059861238404253,0.3000903099688256,0.09355243491131138,1.4947796524921673,0.28948072379082
0.18649008619315688,0.5330060966990287,0.7061217317321755,0.29172251481395395,0,0.5970935623266692,0.7877015941843134,0.3283038436973106,0.6344232247610739,0.6812149705095316,0.1917004373399177,0.652827375616204,0.7945419830381887,0.6214248446146537,1.4659048794475655,0.7085627279342535,0.3353231844292509,0.3643883358094605,1.085628469416357,0.2771384346481165,0.6916335297125213,0.7823957954516928,0.0814066832566317,1.2259352629611266,0.7387880273057692
0.523095263685478,0.5105826893960748,0.1396986837798191,0.08615829439545197,0.5970935623266692,0,0.13815076960909112,0.833227307376546,0.4746482382107291,0.049089940144502964,0.16798393486841634,0.13145976591083264,0.15782071217953808,1.0699550927327581,1.006460232371234,0.9846285531612994,0.3239431217493045,0.7807675758682318,0.7557414816580551,0.6329779478819395,0.5643809786426761,0.2229991433027293,0.3341552430019221,1.4206935374158736,0.1211125353584106
0.946522756890457,0.996825787486116,0.4172712077352788,0.32463270255284726,0.7877015941843134,0.13815076960909112,0,1.3034940380820905,0.9237176240001561,0.16378522811367968,0.4340885571973815,0.37324116482868386,0.003859205007047506,1.5415114387592865,0.6842740115528859,1.326692795846273,0.2860813622045608,0.9256381668452729,0.326014120187209,1.0998710633243869,1.0166839497673745,0.42317359678596156,0.5987923808479718,1.0005700906149904,0.0033943544270403914
0.07153102751585205,0.16452187779693705,0.6497254839961797,0.5077839990104196,0.3283038436973106,0.833227307376546,1.3034940380820905,0,0.2761343387843115,0.8975692641060158,0.4003532336624499,0.6798257915676706,1.3258100651047136,0.09241882739171536,1.7145580311454425,0.32852547483754,0.8838799144530483,0.4906099833596216,1.7280371519607645,0.031200442455084465,0.28357493166746117,0.7945794921924161,0.3074579186506209,1.6181713087748033,1.255330794285086
0.2570813984625545,0.02078361358656211,0.16530504687256564,0.36503550159148346,0.6344232247610739,0.4746482382107291,0.9237176240001561,0.2761343387843115,0,0.4113212226798624,0.3767513659447871,0.19052128487436648,0.9760807300927584,0.24594065175935265,1.2906001403849365,0.5367913400410008,0.8969969873326429,0.955360594299338,1.662518600502544,0.1931951110385739,0.02205735792587793,0.2876266761331856,0.4348738649082279,1.915547995693132,0.9007377997773592
0.6044390465024739,0.49505258947436737,0.08977111806840421,0.15685914567535086,0.6812149705095316,0.049089940144502964,0.16378522811367968,0.8975692641060158,0.4113212226798624,0,0.25315707417415334,0.05695452157139569,0.1944974722846997,1.0484727190420755,0.8434266896614987,1.0693408427577984,0.4067419542975239,0.9825328110338732,0.8122874988646858,0.689651458669368,0.49345866436544317,0.1397532783117742,0.4242521335675382,1.4934899214363346,0.1589967363653827
0.15974363045889395,0.33120716837178754,0.27502112481908336,0.0191044769395331,0.1917004373399177,0.16798393486841634,0.4340885571973815,0.4003532336624499,0.3767513659447871,0.25315707417415334,0,0.25591775436847763,0.44907828968417973,0.7010778987088775,1.3591674215674765,0.7007666320013246,0.2336890612442274,0.44184251213026016,1.0150671272464584,0.25338937345832147,0.45888583716500675,0.38980283480817324,0.037825821630187995,1.4642569478520275,0.388408761313623
0.46466258645055647,0.2683157249279643,0.01578551761985958,0.17593487236111227,0.652827375616204,0.13145976591083264,0.37324116482868386,0.6798257915676706,0.19052128487436648,0.05695452157139569,0.25591775436847763,0,0.4195629637244901,0.7576560157951304,0.9445719663301169,0.8979012829159884,0.5513173854864426,1.042716104427834,1.127220317846473,0.49419287659479594,0.25484290294077183,0.0898689998858625,0.3983855958634478,1.72153220194906,0.36389080122012507
0.9722285616499897,1.0436861185960022,0.46814766595984325,0.3476921756886996,0.7945419830381887,0.15782071217953808,0.003859205007047506,1.3258100651047136,0.9760807300927584,0.1944974722846997,0.44907828968417973,0.4195629637244901,0,1.5737325567448297,0.7070742127641342,1.3120858351359086,0.28186311652483653,0.8811033920151692,0.286281979257867,1.128433597898937,1.0715692170525042,0.4728817600406692,0.6138581999808657,0.9374857788403913,0.004439199245203196
0.2782316748392534,0.18039316722918275,0.7207470488213086,0.7922551109240963,0.6214248446146537,1.0699550927327581,1.5415114387592865,0.09241882739171536,0.24594065175935265,1.0484727190420755,0.7010778987088775,0.7576560157951304,1.5737325567448297,0,1.5864589919982133,0.33011870677224386,1.2221715266495794,0.778108778102018,1.9234440238134083,0.1608018351960574,0.2238662365299312,0.8483724398191734,0.612333677457022,1.6831318128248725,1.507978277357223
1.5995800898461987,1.4347204967681662,0.9516011648056818,1.2382781626521833,1.4659048794475655,1.006460232371234,0.6842740115528859,1.7145580311454425,1.2906001403849365,0.8434266896614987,1.3591674215674765,0.9445719663301169,0.7070742127641342,1.5864589919982133,0,1.7527088057878037,0.9737102059910924,1.7368954268205883,0.5766152304577397,1.6167659006276098,1.227640173546157,0.7436508267655257,1.4172211293912242,0.9011999037044907,0.728063925368541
0.4830313351361617,0.4586487943736818,0.8929972163112053,0.793116309793151,0.7085627279342535,0.9846285531612994,1.326692795846273,0.32852547483754,0.5367913400410008,1.0693408427577984,0.7007666320013246,0.8979012829159884,1.3120858351359086,0.33011870677224386,1.7527088057878037,0,1.0292430421738663,0.37614020045793406,1.4777772029092657,0.3844500793377842,0.6195074834282867,1.1769922089646654,0.6513037421731926,1.1853470422164722,1.27723523339096
0.5730505884034491,0.8775579992880069,0.5929236162607956,0.23542308082180818,0.3353231844292509,0.3239431217493045,0.2860813622045608,0.8838799144530483,0.8969969873326429,0.4067419542975239,0.2336890612442274,0.5513173854864426,0.28186311652483653,1.2221715266495794,0.9737102059910924,1.0292430421738663,0,0.5036141882432588,0.49392685900941935,0.7012763902857501,0.9889536146403028,0.6519398015443443,0.2271632681769421,0.9584611300603627,0.25180658283852575
0.4421743801395833,0.8222997114328524,1.0662414528861994,0.5573847247764943,0.3643883358094605,0.7807675758682318,0.9256381668452729,0.4906099833596216,0.955360594299338,0.9825328110338732,0.44184251213026016,1.042716104427834,0.8811033920151692,0.778108778102018,1.7368954268205883,0.37614020045793406,0.5036141882432588,0,0.8929346650099504,0.5086208748018445,1.055593750712972,1.2694137957071019,0.37192125671382303,0.770166574508967,0.867964199908065
1.4849866935654645,1.7057521095695538,1.1892116963270327,0.9526551960268957,1.085628469416357,0.7557414816580551,0.326014120187209,1.7280371519607645,1.662518600502544,0.8122874988646858,1.0150671272464584,1.127220317846473,0.286281979257867,1.9234440238134083,0.5766152304577397,1.4777772029092657,0.49392685900941935,0.8929346650099504,0,1.6353565459956512,1.735205466398198,1.141373434328822,1.0803749777861809,0.28423919945776055,0.34039364819046036
0.027826485540615842,0.10251712683743319,0.4662074950771219,0.3355292732668733,0.2771384346481165,0.6329779478819395,1.0998710633243869,0.031200442455084465,0.1931951110385739,0.689651458669368,0.25338937345832147,0.49419287659479594,1.128433597898937,0.1608018351960574,1.6167659006276098,0.3844500793377842,0.7012763902857501,0.5086208748018445,1.6353565459956512,0,0.21293447591091474,0.6091098871665207,0.1921493425172799,1.6947584882382416,1.049556627405429
0.2920512732167593,0.039961848487190754,0.21408848008015713,0.45059861238404253,0.6916335297125213,0.5643809786426761,1.0166839497673745,0.28357493166746117,0.02205735792587793,0.49345866436544317,0.45888583716500675,0.25484290294077183,1.0715692170525042,0.2238662365299312,1.227640173546157,0.6195074834282867,0.9889536146403028,1.055593750712972,1.735205466398198,0.21293447591091474,0,0.27481189361932845,0.5100762168474364,1.9637918357697455,0.9948098968369684
0.5822422243229142,0.3714410628939705,0.07722789005655073,0.3000903099688256,0.7823957954516928,0.2229991433027293,0.42317359678596156,0.7945794921924161,0.2876266761331856,0.1397532783117742,0.38980283480817324,0.0898689998858625,0.4728817600406692,0.8483724398191734,0.7436508267655257,1.1769922089646654,0.6519398015443443,1.2694137957071019,1.141373434328822,0.6091098871665207,0.27481189361932845,0,0.5417680879389595,1.7777803537408814,0.41917331844856165
0.10703233469585671,0.36098821957802363,0.4207931776746824,0.09355243491131138,0.0814066832566317,0.3341552430019221,0.5987923808479718,0.3074579186506209,0.4348738649082279,0.4242521335675382,0.037825821630187995,0.3983855958634478,0.6138581999808657,0.612333677457022,1.4172211293912242,0.6513037421731926,0.2271632681769421,0.37192125671382303,1.0803749777861809,0.1921493425172799,0.5100762168474364,0.5417680879389595,0,1.4024996939505692,0.5484354573029024
1.625903333715746,1.8960117617340932,1.7812319631318516,1.4947796524921673,1.2259352629611266,1.4206935374158736,1.0005700906149904,1.6181713087748033,1.915547995693132,1.4934899214363346,1.4642569478520275,1.72153220194906,0.9374857788403913,1.6831318128248725,0.9011999037044907,1.1853470422164722,0.9584611300603627,0.770166574508967,0.28423919945776055,1.6947584882382416,1.9637918357697455,1.7777803537408814,1.4024996939505692,0,1.0116978618831156
0.8984604987145413,0.9648984224453003,0.40804668111279285,0.28948072379082,0.7387880273057692,0.1211125353584106,0.0033943544270403914,1.255330794285086,0.9007377997773592,0.1589967363653827,0.388408761313623,0.36389080122012507,0.004439199245203196,1.507978277357223,0.728063925368541,1.27723523339096,0.25180658283852575,0.867964199908065,0.34039364819046036,1.049556627405429,0.9948098968369684,0.41917331844856165,0.5484354573029024,1.0116978618831156,0
