im1.C1,im1.C2,im1.C3,im1.C4,im2.C1,im2.C2,im2.C3,im2.C4,im2.C5,im3.C1,im3.C2,im3.C3,im3.C4,im3.C5,im4.C1,im4.C2,im4.C3,im4.C4,im4.C5,im4.C6,im4.C7,im4.C8,im4.C9,im4.C10,im4.C11,im4.C12,im4.C13,im4.C14,im4.C15,im4.C16,im4.C17,im4.C18,im4.C19,im4.C20,im4.C21,im4.C22
0,1.5047863875512406,1.4915750660854217,1.3394886090109268,0.765147665409323,1.0163241617328096,1.4590542639881563,1.4637664094860523,1.3128910730549803,1.3896894596546874,1.1206672891796206,1.348156517036838,0.6687383778349127,1.257863551893894,1.004977387451668,1.0625911195786764,0.7414644697878823,0.5877766908314633,0.7506333439597076,1.1531739165236925,0.5339532046117849,0.6555983730017338,0.9079482414501838,1.1242804487427986,1.6672687704070421,1.5741525925980322,1.410351911633458,1.0659902485058963,0.709731828790126,1.1314304210948478,1.214039509492385,1.6073113698665844,1.6685325742082702,1.2597634223274956,1.8372147762174338,0.9831081963977726
1.5047863875512406,0,1.1721830898317986,0.3308570936843114,0.7511361570979609,1.3846417165863971,0.21108763946892162,0.08886559469650024,1.4944358252153256,0.03527490032886049,0.47307715826489327,0.3995778620941949,0.7378910043122251,0.9259381562290276,0.8468434336234016,1.380101218183383,0.5297855209738866,1.5293794616480625,1.4572932848555122,0.656074543229199,0.6263026005342728,0.6252953757858153,1.1134694331324277,1.652558031712664,0.6031164692861462,0.7300060125649779,0.8058900283812518,0.6554426069850477,1.885331898203357,1.389186990036478,1.1448299282163277,0.47938760394384483,0.7352866246322723,1.2590965013623305,0.7263807189995692,0.9976276014634581
1.4915750660854217,1.1721830898317986,0,1.4926639620504925,0.7888522132012862,1.3002816624364444,1.2116819859495351,0.9628007852061766,0.5189163122121968,1.252479762283793,1.6275518262541315,0.7510265954497495,1.0103598987086069,0.23349734940957834,0.7724429349956753,1.0999301853297456,1.241333534390879,1.372905158282234,0.7214700014481394,0.6103185884767324,1.6667553712383496,1.5595999433007313,0.8432152686552083,0.20823385700079478,0.9350682343285367,1.09883076416961,0.3232875128649936,1.115125654638359,1.0036106705913843,0.8115113383994063,0.28030263343505546,0.44916579147306046,0.9282371495436199,0.6948145093776431,0.4050390150031252,0.9311829419931756
1.3394886090109268,0.3308570936843114,1.4926639620504925,0,1.4344251213943466,1.0133368726237113,0.12271843201493782,0.6908994903538,1.443172133441916,0.3444179449060092,0.5186846662891014,0.6412525463658294,1.2885615973506288,1.5264050425432407,1.0378893838785361,0.9731930598069385,0.7688414511317534,1.076718741185558,1.849135620522595,0.9860964236603462,0.807055970231026,0.6952099364642523,1.4822326752897488,1.6353951848216743,0.5586033226583963,0.5138028253642157,1.1338238568010461,0.7206515256315342,1.3838200544854513,1.3843547113854822,1.6740031874341952,0.7952089649250123,0.5159884399398986,1.4593521729627823,0.7986227980854308,1.3489172921970394
0.765147665409323,0.7511361570979609,0.7888522132012862,1.4344251213943466,0,1.713823742344423,1.0944139043515926,0.47002359050274234,1.4181445084283386,0.705884535887707,1.171996899981078,0.5689417061317712,0.08896219256846227,0.32204623381594955,0.6087663319655774,1.6839435478187355,0.348416254029319,1.5075116645738595,0.6738812083625569,0.4041200054147198,0.5430646173880661,0.6882943423965735,0.6635623750358621,1.0760516085099563,1.4624593230902079,1.673405656033712,0.653319178383156,0.8196465159627753,1.621056641934283,1.3741853339819408,0.565370574703412,0.6758693007296637,1.5915593482188197,1.1830434656663207,1.2537725600912024,0.7163550331720221
1.0163241617328096,1.3846417165863971,1.3002816624364444,1.0133368726237113,1.713823742344423,0,1.4162721430442147,1.4337478750378903,0.46432739575340043,1.4621831083376642,0.5213907416185848,1.8152882717940182,1.631306890761877,1.5209354994749895,1.444300078821854,0.2432399281275448,1.7743068055807083,0.4961615090505468,0.7006772424989882,1.8134604150473932,1.1570847138441531,1.3803789899621917,0.7661452234888003,1.0202793625241244,0.7698479545587004,0.4568278933347033,1.6859257819517903,1.1595176925314523,0.2660443768536902,0.2985923289613023,1.2363702491108397,1.6255641929030005,0.5437137618133353,0.3592837575499258,1.0963495547115292,0.7007202003771337
1.4590542639881563,0.21108763946892162,1.2116819859495351,0.12271843201493782,1.0944139043515926,1.4162721430442147,0,0.50071727418898,1.5654950196293518,0.19050195439411166,0.7893756972791155,0.2592535946625577,1.020649424718043,1.152107040192632,0.7812020845707013,1.2591763637376314,0.49344314566965153,1.394565180774194,1.9011777333683622,0.568651229265187,0.8323500154950685,0.6687875198965985,1.4878335856324056,1.4905263236188242,0.6559693005233883,0.7435894109326935,0.7633862395786509,0.6242224045670333,1.658794794247024,1.633888259805893,1.4542578585836043,0.427743200447507,0.6451359971111834,1.6456310152029494,0.6863233414288222,1.4065765140215976
1.4637664094860523,0.08886559469650024,0.9628007852061766,0.6908994903538,0.47002359050274234,1.4337478750378903,0.50071727418898,0,1.3554617601036878,0.1385296903582942,0.5439697591597452,0.4837574835152333,0.5316188999728177,0.6406120110079605,0.8224683557970238,1.4714839889917075,0.5742991794461131,1.6066687888996833,1.0831202337886074,0.6250054784756258,0.6305896163061335,0.7009250045047282,0.8588259716683793,1.5008513468393025,0.7073500285090222,0.8835895580241263,0.7148940172334763,0.733053415153011,1.9015789361239963,1.2315565698796243,0.8117132856178741,0.4860479363253486,0.9078761087490768,1.0214701158727248,0.7562905741351941,0.7742116102309498
1.3128910730549803,1.4944358252153256,0.5189163122121968,1.443172133441916,1.4181445084283386,0.46432739575340043,1.5654950196293518,1.3554617601036878,0,1.5479666099828102,1.2155077871020876,1.6266413338924797,1.5805850241921835,1.0057931748873559,1.5039913522399693,0.5831696805711175,1.897725423778244,0.5402346198389905,0.4607961740026797,1.574896710647417,1.7883348661333178,1.4771800624288405,0.9936677654590343,0.33733215008457895,0.5188704952620635,0.5746781733609125,0.8224550769690495,1.6667626416627366,0.39116838166862067,0.14921227679757498,0.4146902520624346,1.3037543375344303,0.8747632225617308,0.19740502673377192,0.5120217748834207,1.046500605372605
1.3896894596546874,0.03527490032886049,1.252479762283793,0.3444179449060092,0.705884535887707,1.4621831083376642,0.19050195439411166,0.1385296903582942,1.5479666099828102,0,0.5890718184296226,0.5426372709934421,0.7580802024542457,1.052495916975118,0.5863553448295151,1.0150154018225817,0.3801431051569769,1.3275394176809132,1.3568125603614312,0.54337598255072594,0.5095221606238194,0.436160300090767,0.998308855434423,1.6178900058624253,0.7300748298587105,0.7127518306996824,0.6473817619798632,0.631253896465922,1.8053607510099132,1.292617334909141,0.9892454692120491,0.7810218113996006,1.2117538981704012,1.5222820862244135,1.2840445525424151,1.3393916769493754
1.1206672891796206,0.47307715826489327,1.6275518262541315,0.5186846662891014,1.171996899981078,0.5213907416185848,0.7893756972791155,0.5439697591597452,1.2155077871020876,0.5890718184296226,0,1.2254908914793805,1.0545523837828132,1.3802158653116627,1.0974304060226154,0.81825464753224,1.0599927818821284,1.0469101223311081,1.017884509622748,1.3568086559364212,0.5206972658150035,0.8677087307931086,0.7386681017443195,1.7876624198454998,0.7402118698093618,0.5279947107176434,1.6039592548636028,0.7191627831568579,1.1998523137439017,0.8317077096213658,1.4047412710524265,1.2007143041309518,0.7051186000382387,0.7986380111152485,1.0870274621990483,0.6228157357461569
1.348156517036838,0.3995778620941949,0.7510265954497495,0.6412525463658294,0.5689417061317712,1.8152882717940182,0.2592535946625577,0.4837574835152333,1.6266413338924797,0.5426372709934421,1.2254908914793805,0,0.590488553480539,0.5038515998608069,0.8385039444186904,1.5430565576761563,0.44407694565316047,1.7763102484116662,1.6435055071016746,0.25924377113524855,0.9596925306685441,0.9494285183141772,1.258896536975941,1.1051730215102997,1.06164669083004,1.3021041933145712,0.5880344367799475,0.5787263940319877,1.7396466220180502,1.8102324794467908,1.1575997490467163,0.1255952346519118,0.7715899052274366,1.379943851556252,0.6854575342553613,1.0109246402801708
0.6687383778349127,0.7378910043122251,1.0103598987086069,1.2885615973506288,0.08896219256846227,1.631306890761877,1.020649424718043,0.5316188999728177,1.5805850241921835,0.7580802024542457,1.0545523837828132,0.590488553480539,0,0.538143500140788,0.8740223525868814,1.614350415954016,0.2934129156204277,1.4096231719427377,0.8189550036928778,0.5378271101687115,0.38177151379027074,0.5514096373120247,0.8014310160152918,1.314617601566153,1.5969011122989634,1.7950671979392943,0.9383909994662402,0.7864016318129918,1.60801515740365,1.5574589557277,0.8988189052290776,0.822149041956004,1.3879162155625655,1.2315784403842203,1.1291300140043532,0.719328106641774
1.257863551893894,0.9259381562290276,0.23349734940957834,1.5264050425432407,0.32204623381594955,1.5209354994749895,1.152107040192632,0.6406120110079605,1.0057931748873559,1.052495916975118,1.3802158653116627,0.5038515998608069,0.538143500140788,0,0.766026916647256,1.3038187175943552,0.8920277507017557,1.7687513801436832,0.7165915135508226,0.39775315495495345,1.1859167146704157,1.4465276630175028,0.5975428347923426,0.5414754361428523,1.251306362699013,1.3882675336144736,0.5592638455838497,0.7360394949665633,1.3360027776805496,1.126302827971278,0.478675440977096,0.3122947946619944,0.902488744925648,0.8084574688965533,0.780562414632953,0.5581765181742946
1.004977387451668,0.8468434336234016,0.7724429349956753,1.0378893838785361,0.6087663319655774,1.444300078821854,0.7812020845707013,0.8224683557970238,1.5039913522399693,0.5863553448295151,1.0974304060226154,0.8385039444186904,0.8740223525868814,0.766026916647256,0,0.4244955520047252,0.44896769539632464,1.3034828315934348,0.9273963132319191,0.2541788424334638,0.5850182505725037,0.9298606320407863,0.3791791307345824,0.9810551812322443,1.413312725773296,0.9676570827033137,0.6575689512937195,0.2963226354819648,1.1467458404776205,1.0177112674168165,0.7645188682857706,0.9796219860382969,1.4997652957824137,1.6797056768841367,1.8000192234532049,1.2975371767096926
1.0625911195786764,1.380101218183383,1.0999301853297456,0.9731930598069385,1.6839435478187355,0.2432399281275448,1.2591763637376314,1.4714839889917075,0.5831696805711175,1.0150154018225817,0.81825464753224,1.5430565576761563,1.614350415954016,1.3038187175943552,0.4244955520047252,0,1.2336697446936504,0.7190116082045321,0.7710508762970618,1.0563777387218674,0.985311748803449,1.2490422992387646,0.4795891434353564,0.8580484695781788,0.9661667128088692,0.39237277966645157,1.0822103450159481,0.7041965041617387,0.4605210237128312,0.3673291509997496,0.9003698758121907,1.4503905371977508,1.1684874075003746,1.1593717918881252,1.6399515114501182,1.2511367793778025
0.7414644697878823,0.5297855209738866,1.241333534390879,0.7688414511317534,0.348416254029319,1.7743068055807083,0.49344314566965153,0.5742991794461131,1.897725423778244,0.3801431051569769,1.0599927818821284,0.44407694565316047,0.2934129156204277,0.8920277507017557,0.44896769539632464,1.2336697446936504,0,1.3238223657521497,1.286596729039948,0.2716474868781362,0.25236651677326327,0.32650802297102244,0.9348439709849121,1.4721429093171354,1.5199482102803081,1.4939314162120165,0.7648413152483508,0.5013701979029095,1.6532734279310652,1.711553401692781,1.121934585536589,0.8674968738202617,1.5495590080567756,1.83507432337976,1.4950001893751157,1.2896281009407626
0.5877766908314633,1.5293794616480625,1.372905158282234,1.076718741185558,1.5075116645738595,0.4961615090505468,1.394565180774194,1.6066687888996833,0.5402346198389905,1.3275394176809132,1.0469101223311081,1.7763102484116662,1.4096231719427377,1.7687513801436832,1.3034828315934348,0.7190116082045321,1.3238223657521497,0,0.7790649382593877,1.7006519855193258,1.0912872165937886,0.6557679105680672,1.3221563405177696,0.954077514865106,0.8356814217837887,0.8169213438829768,1.1879309518141026,1.6721664920830985,0.3967896536676436,0.5503270728264547,0.9961649888980145,1.8692954537404254,1.38471492707632,0.9623117107339936,1.22357874552077,1.4758035409863577
0.7506333439597076,1.4572932848555122,0.7214700014481394,1.849135620522595,0.6738812083625569,0.7006772424989882,1.9011777333683622,1.0831202337886074,0.4607961740026797,1.3568125603614312,1.017884509622748,1.6435055071016746,0.8189550036928778,0.7165915135508226,0.9273963132319191,0.7710508762970618,1.286596729039948,0.7790649382593877,0,1.2336024709351947,0.9664676565152669,1.1462755987650919,0.36707832350180747,0.6765568918441889,1.2137314976641354,1.1152638020168177,1.022630162505614,1.2530187818838034,0.6681089605487986,0.31256521651067637,0.32608125428447843,1.45989885221165,1.3911032213146277,0.5535448492636877,1.29077421487823,0.684877074116367
1.1531739165236925,0.656074543229199,0.6103185884767324,0.9860964236603462,0.4041200054147198,1.8134604150473932,0.568651229265187,0.6250054784756258,1.574896710647417,0.54337598255072594,1.3568086559364212,0.25924377113524855,0.5378271101687115,0.39775315495495345,0.2541788424334638,1.0563777387218674,0.2716474868781362,1.7006519855193258,1.2336024709351947,0,0.7332544781014158,0.9354986707742858,0.7269217555845082,0.9283209426455824,1.416989120710073,1.33511590647129,0.4448332050417184,0.3417661905182354,1.5486079307166887,1.5303342697508273,0.817521670171182,0.42411584147018877,1.2687140547607167,1.6491270870972665,1.3112778299319885,1.1643528372492296
0.5339532046117849,0.6263026005342728,1.6667553712383496,0.807055970231026,0.5430646173880661,1.1570847138441531,0.8323500154950685,0.6305896163061335,1.7883348661333178,0.5095221606238194,0.5206972658150035,0.9596925306685441,0.38177151379027074,1.1859167146704157,0.5850182505725037,0.985311748803449,0.25236651677326327,1.0912872165937886,0.9664676565152669,0.7332544781014158,0,0.36377965915371513,0.6216480898101013,1.7764167712428047,1.5438232544567398,1.3076721164364722,1.3371636252270558,0.48235945522806156,1.391535027555567,1.3531550084013864,1.3000071432540472,1.3030904414035436,1.4683286854614308,1.5288591567813734,1.6440951491180602,0.9418260632171385
0.6555983730017338,0.6252953757858153,1.5595999433007313,0.6952099364642523,0.6882943423965735,1.3803789899621917,0.6687875198965985,0.7009250045047282,1.4771800624288405,0.436160300090767,0.8677087307931086,0.9494285183141772,0.5514096373120247,1.4465276630175028,0.9298606320407863,1.2490422992387646,0.32650802297102244,0.6557679105680672,1.1462755987650919,0.9354986707742858,0.36377965915371513,0,1.3075207785504606,1.6085264075293002,1.0801102326352578,1.2179553349834997,0.8809881776487783,1.1570831617339998,1.4543084096480683,1.3576000857604411,1.0767142091903095,1.3928188257971474,1.6645813563966518,1.5816152786319013,1.3996854171017445,1.5300993232870155
0.9079482414501838,1.1134694331324277,0.8432152686552083,1.4822326752897488,0.6635623750358621,0.7661452234888003,1.4878335856324056,0.8588259716683793,0.9936677654590343,0.998308855434423,0.7386681017443195,1.258896536975941,0.8014310160152918,0.5975428347923426,0.3791791307345824,0.4795891434353564,0.9348439709849121,1.3221563405177696,0.36707832350180747,0.7269217555845082,0.6216480898101013,1.3075207785504606,0,0.9706219789606629,1.4471721082663367,0.9922209656078168,1.1579322033863917,0.4233944330742886,0.8978758679094861,0.609195387563653,0.6965433099004004,1.1232327404706046,1.1919866286342713,0.9449955020219274,1.563467933929203,0.5562068129608971
1.1242804487427986,1.652558031712664,0.20823385700079478,1.6353951848216743,1.0760516085099563,1.0202793625241244,1.4905263236188242,1.5008513468393025,0.33733215008457895,1.6178900058624253,1.7876624198454998,1.1051730215102997,1.314617601566153,0.5414754361428523,0.9810551812322443,0.8580484695781788,1.4721429093171354,0.954077514865106,0.6765568918441889,0.9283209426455824,1.7764167712428047,1.6085264075293002,0.9706219789606629,0,0.9912640824243123,1.067093671719244,0.5298880296760714,1.3228312892611136,0.49830000558926235,0.6349205033382315,0.42022911860271184,0.8362338958938023,0.9874517751416843,0.7174997336752658,0.7971174470877643,1.0838769303322
1.6672687704070421,0.6031164692861462,0.9350682343285367,0.5586033226583963,1.4624593230902079,0.7698479545587004,0.6559693005233883,0.7073500285090222,0.5188704952620635,0.7300748298587105,0.7402118698093618,1.06164669083004,1.5969011122989634,1.251306362699013,1.413312725773296,0.9661667128088692,1.5199482102803081,0.8356814217837887,1.2137314976641354,1.416989120710073,1.5438232544567398,1.0801102326352578,1.4471721082663367,0.9912640824243123,0,0.2146884066615189,0.7456489336545645,1.4616450588697931,1.1002891432447166,0.6233102339346293,0.8524794472607921,0.8729125741455679,0.5946107608248541,0.6130360997334635,0.524333472605921,1.2262195247124208
1.5741525925980322,0.7300060125649779,1.09883076416961,0.5138028253642157,1.673405656033712,0.4568278933347033,0.7435894109326935,0.8835895580241263,0.5746781733609125,0.7127518306996824,0.5279947107176434,1.3021041933145712,1.7950671979392943,1.3882675336144736,0.9676570827033137,0.39237277966645157,1.4939314162120165,0.8169213438829768,1.1152638020168177,1.33511590647129,1.3076721164364722,1.2179553349834997,0.9922209656078168,1.067093671719244,0.2146884066615189,0,0.9696434479342654,1.0383118960863342,0.8466261070739408,0.4081212655761365,0.9676520134828644,1.1052259201049102,0.6801049439940108,0.8027122779350165,0.9987414238550054,1.2173514975572501
1.410351911633458,0.8058900283812518,0.3232875128649936,1.1338238568010461,0.653319178383156,1.6859257819517903,0.7633862395786509,0.7148940172334763,0.8224550769690495,0.6473817619798632,1.6039592548636028,0.5880344367799475,0.9383909994662402,0.5592638455838497,0.6575689512937195,1.0822103450159481,0.7648413152483508,1.1879309518141026,1.022630162505614,0.4448332050417184,1.3371636252270558,0.8809881776487783,1.1579322033863917,0.5298880296760714,0.7456489336545645,0.9696434479342654,0,1.1672515442705076,1.3760111428501363,1.02777514174958,0.2880074948989436,0.6252391630434312,1.3667594871338271,1.296307267376019,1.023450462149274,1.5670826980608927
1.0659902485058963,0.6554426069850477,1.115125654638359,0.7206515256315342,0.8196465159627753,1.1595176925314523,0.6242224045670333,0.733053415153011,1.6667626416627366,0.631253896465922,0.7191627831568579,0.5787263940319877,0.7864016318129918,0.7360394949665633,0.2963226354819648,0.7041965041617387,0.5013701979029095,1.6721664920830985,1.2530187818838034,0.3417661905182354,0.48235945522806156,1.1570831617339998,0.4233944330742886,1.3228312892611136,1.4616450588697931,1.0383118960863342,1.1672515442705076,0,1.2815574233276106,1.3532492754882308,1.3358521000668542,0.6511719885634839,0.8998354320737769,1.4574476932484812,1.4109573206403974,0.7555820915953186
0.709731828790126,1.885331898203357,1.0036106705913843,1.3838200544854513,1.621056641934283,0.2660443768536902,1.658794794247024,1.9015789361239963,0.39116838166862067,1.8053607510099132,1.1998523137439017,1.7396466220180502,1.60801515740365,1.3360027776805496,1.1467458404776205,0.4605210237128312,1.6532734279310652,0.3967896536676436,0.6681089605487986,1.5486079307166887,1.391535027555567,1.4543084096480683,0.8978758679094861,0.49830000558926235,1.1002891432447166,0.8466261070739408,1.3760111428501363,1.2815574233276106,0,0.4267551229380906,1.0422226881908923,1.549243893699599,0.9404628660116685,0.6870835860166671,1.0975323319795416,0.9921240298708977
1.1314304210948478,1.389186990036478,0.8115113383994063,1.3843547113854822,1.3741853339819408,0.2985923289613023,1.633888259805893,1.2315565698796243,0.14921227679757498,1.292617334909141,0.8317077096213658,1.8102324794467908,1.5574589557277,1.126302827971278,1.0177112674168165,0.3673291509997496,1.711553401692781,0.5503270728264547,0.31256521651067637,1.5303342697508273,1.3531550084013864,1.3576000857604411,0.609195387563653,0.6349205033382315,0.6233102339346293,0.4081212655761365,1.02777514174958,1.3532492754882308,0.4267551229380906,0,0.4844031362413015,1.500682780349847,1.050192500829202,0.4647448677520346,1.162202006722985,0.9595220901054747
1.214039509492385,1.1448299282163277,0.28030263343505546,1.6740031874341952,0.565370574703412,1.2363702491108397,1.4542578585836043,0.8117132856178741,0.4146902520624346,0.9892454692120491,1.4047412710524265,1.1575997490467163,0.8988189052290776,0.478675440977096,0.7645188682857706,0.9003698758121907,1.121934585536589,0.9961649888980145,0.32608125428447843,0.817521670171182,1.3000071432540472,1.0767142091903095,0.6965433099004004,0.42022911860271184,0.8524794472607921,0.9676520134828644,0.2880074948989436,1.3358521000668542,1.0422226881908923,0.4844031362413015,0,1.0091892513322793,1.4463985661996295,0.8116293271120142,1.1351181751506159,1.1579810105256105
1.6073113698665844,0.47938760394384483,0.44916579147306046,0.7952089649250123,0.6758693007296637,1.6255641929030005,0.427743200447507,0.4860479363253486,1.3037543375344303,0.7810218113996006,1.2007143041309518,0.1255952346519118,0.822149041956004,0.3122947946619944,0.9796219860382969,1.4503905371977508,0.8674968738202617,1.8692954537404254,1.45989885221165,0.42411584147018877,1.3030904414035436,1.3928188257971474,1.1232327404706046,0.8362338958938023,0.8729125741455679,1.1052259201049102,0.6252391630434312,0.6511719885634839,1.549243893699599,1.500682780349847,1.0091892513322793,0,0.4572495054721841,0.9596442634155263,0.43879705230675237,0.7342995623931414
1.6685325742082702,0.7352866246322723,0.9282371495436199,0.5159884399398986,1.5915593482188197,0.5437137618133353,0.6451359971111834,0.9078761087490768,0.8747632225617308,1.2117538981704012,0.7051186000382387,0.7715899052274366,1.3879162155625655,0.902488744925648,1.4997652957824137,1.1684874075003746,1.5495590080567756,1.38471492707632,1.3911032213146277,1.2687140547607167,1.4683286854614308,1.6645813563966518,1.1919866286342713,0.9874517751416843,0.5946107608248541,0.6801049439940108,1.3667594871338271,0.8998354320737769,0.9404628660116685,1.050192500829202,1.4463985661996295,0.4572495054721841,0,0.4255892001557434,0.23744513071340878,0.4435023959447818
1.2597634223274956,1.2590965013623305,0.6948145093776431,1.4593521729627823,1.1830434656663207,0.3592837575499258,1.6456310152029494,1.0214701158727248,0.19740502673377192,1.5222820862244135,0.7986380111152485,1.379943851556252,1.2315784403842203,0.8084574688965533,1.6797056768841367,1.1593717918881252,1.83507432337976,0.9623117107339936,0.5535448492636877,1.6491270870972665,1.5288591567813734,1.5816152786319013,0.9449955020219274,0.7174997336752658,0.6130360997334635,0.8027122779350165,1.296307267376019,1.4574476932484812,0.6870835860166671,0.4647448677520346,0.8116293271120142,0.9596442634155263,0.4255892001557434,0,0.35958987584839697,0.34257982785279295
1.8372147762174338,0.7263807189995692,0.4050390150031252,0.7986227980854308,1.2537725600912024,1.0963495547115292,0.6863233414288222,0.7562905741351941,0.5120217748834207,1.2840445525424151,1.0870274621990483,0.6854575342553613,1.1291300140043532,0.780562414632953,1.8000192234532049,1.6399515114501182,1.4950001893751157,1.22357874552077,1.29077421487823,1.3112778299319885,1.6440951491180602,1.3996854171017445,1.563467933929203,0.7971174470877643,0.524333472605921,0.9987414238550054,1.023450462149274,1.4109573206403974,1.0975323319795416,1.162202006722985,1.1351181751506159,0.43879705230675237,0.23744513071340878,0.35958987584839697,0,0.6223669813988785
0.9831081963977726,0.9976276014634581,0.9311829419931756,1.3489172921970394,0.7163550331720221,0.7007202003771337,1.4065765140215976,0.7742116102309498,1.046500605372605,1.3393916769493754,0.6228157357461569,1.0109246402801708,0.719328106641774,0.5581765181742946,1.2975371767096926,1.2511367793778025,1.2896281009407626,1.4758035409863577,0.684877074116367,1.1643528372492296,0.9418260632171385,1.5300993232870155,0.5562068129608971,1.0838769303322,1.2262195247124208,1.2173514975572501,1.5670826980608927,0.7555820915953186,0.9921240298708977,0.9595220901054747,1.1579810105256105,0.7342995623931414,0.4435023959447818,0.34257982785279295,0.6223669813988785,0
