rm1.C1,rm1.C2,rm1.C3,rm1.C4,rm1.C5,rm1.C6,rm1.C7,rm1.C8,rm1.C9,rm1.C10,rm2.C1,rm2.C2,rm2.C3,rm2.C4,rm2.C5,rm2.C6,rm2.C7,rm2.C8,rm2.C9,rm2.C10,rm3.C1,rm3.C2,rm3.C3,rm3.C4,rm3.C5,rm3.C6,rm3.C7,rm3.C8,rm3.C9,rm3.C10,rm4.C1,rm4.C2,rm4.C3,rm4.C4,rm4.C5,rm4.C6,rm4.C7,rm4.C8,rm4.C9,rm4.C10
0,0.11572414413529153,1.194331824397429,0.9468030040948533,0.6610521543296524,0.49172175652485595,0.35249147565616723,1.922631966252024,0.6590442113443529,1.100666995565419,0.10272112208353701,1.0842523680233718,0.551885486072351,1.3075871177213991,0.8260247775199459,1.0435118418778286,1.14901678457357,1.680684504985805,0.7493599471765167,1.7241885459399735,0.08511058563511553,1.0647328422733353,0.3722003065503391,0.8083992607527003,0.5061402691515104,0.8645383848238077,0.7062819299887795,1.050503696250483,1.1778065015247174,1.5796650724834687,0.04271231093984085,0.9772169006570977,0.5110138501696891,0.22022594327771472,0.9607070084577312,1.4359747828548477,1.838084931751626,0.7812479519727871,1.5934057626382945,1.682816954728783
0.11572414413529153,0,1.2451852358567492,0.6323559206951744,0.4014045210057433,0.2368229681686762,0.15811707265800523,1.716613362535758,0.35305576829418717,0.8325574736874752,0.06965718035313895,1.220213310776308,0.6356048628039486,0.9029259778828009,0.5375462026496562,0.7502990860079343,0.9697251315655671,1.4343170228812032,0.44985515959343747,1.5395533604997813,0.05460601875205273,1.2735917674677566,0.7452972118132615,0.46872294658141167,0.48134766937142426,0.7885904676876967,0.578213116001993,0.8637373874403315,0.9135975580149914,1.5722244276616606,0.14307048757714558,1.1063816419032988,0.26375661151484064,0.4510233856877254,1.2539363725530894,1.1790098688745116,1.6399428984673738,0.5209654382831987,1.302087232451348,1.463921761655183
1.194331824397429,1.2451852358567492,0,1.4396582499788921,1.5651725066457924,1.4573692721169502,1.354698550350062,1.0936211279795027,1.291483821942535,1.312215050971167,1.2467783100004723,0.5114349071425303,1.5173445247434578,1.1961127693356817,1.5923423245989001,1.354646858508091,1.5690829875132697,1.32150350093646,1.5643108767509042,1.0313637189453349,1.1772022576830052,0.7021571624368009,0.75281221965698,1.3046087959018728,1.4959705908831182,1.3272765711509356,1.4609146104191062,1.4624424923112351,1.2943560617419547,1.3827105018889174,1.0128463526078328,0.6841421606766116,1.1781725861275727,1.458619245809739,1.4151779212721798,1.0917992694195335,1.007507353558588,1.3068661342044363,1.051502214352993,1.199165687465733
0.9468030040948533,0.6323559206951744,1.4396582499788921,0,0.5922161858757489,0.45653073391375765,0.45509229864954914,0.7964943331448017,0.4011178972801209,0.6144789164259852,0.772992053646931,1.3117404814235085,1.0379242622170501,0.4166160698617497,0.5382557597029474,0.5828147585822874,0.4797381168273015,0.701627064473864,0.4076604750210624,0.7205706806454848,0.7807868263281387,1.3694589248667164,1.5330720478594546,0.46382169904338544,0.7974042113554733,0.8285823747699748,0.8546578688967119,0.4327611355392299,0.7584113691485158,0.9878418631167301,1.02827072716646,1.2189503421579586,0.47837522041409564,1.0263414146089263,1.238276191529162,0.5548975250491277,0.8131067000893462,0.3068405151091408,0.5281974517189958,0.8157559483822224
0.6610521543296524,0.4014045210057433,1.5651725066457924,0.5922161858757489,0,0.2481327110830448,0.3582180467429241,1.0723569319706823,0.3074979981163575,0.4826013564295949,0.584367092168149,1.425974501726205,0.6769145748040281,0.4871538132669446,0.3206936714558093,0.38738616762330913,0.6477457064980163,0.7363108886539408,0.25379863055487706,0.954612671035674,0.596915090613053,1.2874720751170723,1.2632834540475206,0.505561030276374,0.46079178236897755,0.5560394140699965,0.34134128747398684,0.5900402219675847,0.6182764170498951,0.8833566585396512,0.7198923160417031,1.5713619914732777,0.38362919972511555,0.781059918701163,1.240939577786426,0.7956390456111218,1.0572479755181272,0.4378119590691475,0.8635813462164191,0.7845938762631056
0.49172175652485595,0.2368229681686762,1.4573692721169502,0.45653073391375765,0.2481327110830448,0,0.3108319206814594,1.2320596719987713,0.4048874235275012,0.3627236604112509,0.3686099058644944,1.3029486219330964,0.53144439168827,0.659140329642214,0.3770773168400392,0.6074607976245141,0.8162365340322456,0.9687935942627824,0.3167001493585341,1.2584057255517511,0.3861675661005888,1.3847730146557145,1.1759532463382167,0.39356142875980415,0.39447039544439577,0.8586828123008332,0.3732674661326335,0.62037154753758,0.6497812463759982,1.152184307190422,0.5637598397329803,1.2548666771038754,0.3713209336181994,0.7452662900236502,1.2979588878232804,0.9378507362583923,1.2792201428946348,0.4334374485062591,0.9902914558017901,1.0889486775283808
0.35249147565616723,0.15811707265800523,1.354698550350062,0.45509229864954914,0.3582180467429241,0.3108319206814594,0,1.463887788381368,0.293019708578504,0.8201565514115665,0.300243332757402,1.1538261982185016,0.7906337245582069,0.7056438578050355,0.32369583844207994,0.7062264442236788,0.7885582280243886,1.1023481220782683,0.4407821325699173,1.3443841621578478,0.2749340296570495,1.0373961834297154,1.0184358706743457,0.45827879054779996,0.5408097330309896,0.6766803206520235,0.7123419200386695,0.6788216794845365,0.8599943366780846,1.293785050360203,0.4181451632997739,1.322863240371842,0.24142505595938368,0.5246183995909597,1.1615615820658651,0.8969269145096652,1.2989296250798927,0.3703536658391545,0.9763361216715315,1.1862517319828911
1.922631966252024,1.716613362535758,1.0936211279795027,0.7964943331448017,1.0723569319706823,1.2320596719987713,1.463887788381368,0,1.1146144829945173,0.6661425180377907,1.7515090536658309,1.0453073876435786,1.3127962123684573,0.49240112790870527,0.9078507444595317,0.7389943001791667,0.6439879554950165,0.19586609426773582,0.9792926984479322,0.25262759219608333,1.8014280795263167,1.092426228970751,1.8026083567857434,0.9758427835587287,1.3119684216198313,1.0177312119848134,1.0981202103475656,0.7430702738496124,0.7009465237770505,0.37226323302606457,1.9503300608575524,1.1513115380555579,1.2886633544515655,1.6586908247542849,0.9836549050462725,0.4377649816150163,0.12135262907569766,0.9978062183404638,0.290930809786649,0.1997587143054781
0.6590442113443529,0.35305576829418717,1.291483821942535,0.4011178972801209,0.3074979981163575,0.4048874235275012,0.293019708578504,1.1146144829945173,0,0.7923300154917744,0.47234126453420444,1.4423967819338281,0.9907041966620629,0.3341444706881056,0.4001192455336373,0.23196310225403594,0.7084760810971122,0.8458585379777647,0.25923617122900544,0.9086154064563761,0.4605377696114442,1.3539656342231234,1.3435757500049983,0.30081926651572366,0.5920839256593935,0.35459216950791683,0.7726971335647556,0.5522312591005893,0.6338032746627736,1.1744918476274422,0.7307588971024455,1.419358237825509,0.1503020036842736,0.7784897314285728,1.2200905785387817,0.5650495505154327,0.9224478988121837,0.31694168775118803,0.6297595318368371,0.8190146505842516
1.100666995565419,0.8325574736874752,1.312215050971167,0.6144789164259852,0.4826013564295949,0.3627236604112509,0.8201565514115665,0.6661425180377907,0.7923300154917744,0,0.871551611826893,1.267585037941008,0.5669481489604367,0.610671361528281,0.4499209979106261,0.6414560900636044,0.6569471704629299,0.5921487920032931,0.46127062264450713,0.9120777582286039,0.9348625689994703,1.2815842514458367,1.4460157640182694,0.6422746351595019,0.5951926061133861,1.0601220085247882,0.36929214001095,0.6606387697797818,0.5395372932857649,0.7568274555260943,1.1576474060292063,1.3186043558365546,0.6491072800927019,1.1949966386003323,1.2736342346117278,0.6014785923941572,0.7605088068857522,0.547641098372185,0.6287022554873801,0.5766420713427969
0.10272112208353701,0.06965718035313895,1.2467783100004723,0.772992053646931,0.584367092168149,0.3686099058644944,0.300243332757402,1.7515090536658309,0.47234126453420444,0.871551611826893,0,1.2228713557420559,0.5308818559084754,1.0414928642360275,0.5386325697682797,0.7777676278184396,0.9293972460506705,1.517239609406435,0.49427002073029425,1.622060514846444,0.01731759153072676,1.3586414414622277,0.6715390125263249,0.46878971111059997,0.5010529333170869,0.8041152497433288,0.6216227714413113,0.9987486281263467,0.911632696173083,1.6337376483252015,0.13831274556617656,0.9449342464593158,0.3122809445626029,0.3697290678547366,1.073195356109107,1.2924067524214242,1.7162933893228887,0.6610383827179355,1.4444211950923482,1.539481768036596
1.0842523680233718,1.220213310776308,0.5114349071425303,1.3117404814235085,1.425974501726205,1.3029486219330964,1.1538261982185016,1.0453073876435786,1.4423967819338281,1.267585037941008,1.2228713557420559,0,1.3492368555188268,1.3511742102075759,1.3361578062614994,1.541635873686705,1.376702753876884,1.2769992202934133,1.607241249850209,1.240423833080337,1.1911299806610876,0.5212787397268172,0.7775256481451518,1.2819629603136633,1.4149811146165443,1.4722934385765,1.3986731403385817,1.4324056640499636,1.4940582734211265,1.1898550863281905,1.056904738179993,0.8269375691053564,1.283515987511829,1.0552817778631658,0.8792175632958883,1.1701359635887933,1.0229974283443872,1.3103601314404967,1.1295082385999573,1.1626463977177737
0.551885486072351,0.6356048628039486,1.5173445247434578,1.0379242622170501,0.6769145748040281,0.53144439168827,0.7906337245582069,1.3127962123684573,0.9907041966620629,0.5669481489604367,0.5308818559084754,1.3492368555188268,0,1.233646105356315,0.5896056867814587,0.9468251150451831,0.7215499474754865,0.9602730612578155,0.6521683331822354,1.32911339199795,0.618858843320852,1.2270119025387884,0.7690615556749156,0.8929777137997358,0.5037386461195917,0.9735542151005214,0.49579143878565624,0.8939512760295456,0.5167538529601092,0.954149857493464,0.6464560198167018,1.1350927469430434,0.8766676594851553,0.5516638424856439,0.8145058811205733,1.30700836431189,1.408211717230928,0.9091624400374019,1.3819354934095447,1.230722879077339
1.3075871177213991,0.9029259778828009,1.1961127693356817,0.4166160698617497,0.4871538132669446,0.659140329642214,0.7056438578050355,0.49240112790870527,0.3341444706881056,0.610671361528281,1.0414928642360275,1.3511742102075759,1.233646105356315,0,0.45547075852911745,0.22734385233975607,0.5004150196372024,0.36120710660719557,0.34910572416568364,0.43047112610995375,1.052410476489191,1.3521011057752803,1.7562503111798426,0.5044379703727431,0.7875707070173174,0.4943916625358985,0.803572872831444,0.4494868767689576,0.4704140154170504,0.7375744551588951,1.3379096239474064,1.4802088984826018,0.48060955774545033,1.3199434673901729,1.3150135902248397,0.20856640639301116,0.39728049039414937,0.4850603323925349,0.21385354874540585,0.36242563210096146
0.8260247775199459,0.5375462026496562,1.5923423245989001,0.5382557597029474,0.3206936714558093,0.3770773168400392,0.32369583844207994,0.9078507444595317,0.4001192455336373,0.4499209979106261,0.5386325697682797,1.3361578062614994,0.5896056867814587,0.45547075852911745,0,0.38919942254047246,0.3915521269883333,0.5707449342183024,0.2311170948874196,0.9881372517479187,0.603196391527525,1.3242055423008217,1.4845667189613025,0.2930728923046797,0.5467992157037451,0.5999424301000935,0.5527823826707174,0.6249213948217993,0.4187622528545898,0.8997289793820185,0.9377258732314192,1.385679587232027,0.4040560797873264,0.79364951207267,1.012439431485795,0.5767713696947216,0.8363036043129333,0.49626079129469713,0.6578952585729493,0.6381953595285378
1.0435118418778286,0.7502990860079343,1.354646858508091,0.5828147585822874,0.38738616762330913,0.6074607976245141,0.7062264442236788,0.7389943001791667,0.23196310225403594,0.6414560900636044,0.7777676278184396,1.541635873686705,0.9468251150451831,0.22734385233975607,0.38919942254047246,0,0.4107810183979139,0.5004213721254375,0.20779587500907037,0.5052701949567298,0.8301559767620834,1.4715830854569254,1.6333561516679682,0.37423416967610434,0.6477970120638894,0.3285685450307214,0.790851023938089,0.6111283264733305,0.4450985143642602,0.8297478659190425,1.1074442384540693,1.4566543717552798,0.3966789165657999,1.0216112139332862,1.1391092023998146,0.3523071982515883,0.6075012778158525,0.5517696434919481,0.45905258432718665,0.5028670699399935
1.14901678457357,0.9697251315655671,1.5690829875132697,0.4797381168273015,0.6477457064980163,0.8162365340322456,0.7885582280243886,0.6439879554950165,0.7084760810971122,0.6569471704629299,0.9293972460506705,1.376702753876884,0.7215499474754865,0.5004150196372024,0.3915521269883333,0.4107810183979139,0,0.4558054310394375,0.4758940194574054,0.5015279435270283,1.0544642919134282,1.26901178230655,1.583584302659909,0.6305827534760714,0.936154505610531,0.7769935818382658,0.9637737237695374,0.8215752269650968,0.451172178359173,0.7544871808233029,1.2173828765541512,1.2244376140999065,0.8042918027165379,1.036202053689222,0.9615105049073098,0.6114217663722561,0.6685426095084269,0.8212415539447868,0.6630401965142265,0.6695027108654016
1.680684504985805,1.4343170228812032,1.32150350093646,0.701627064473864,0.7363108886539408,0.9687935942627824,1.1023481220782683,0.19586609426773582,0.8458585379777647,0.5921487920032931,1.517239609406435,1.2769992202934133,0.9602730612578155,0.36120710660719557,0.5707449342183024,0.5004213721254375,0.4558054310394375,0,0.6136993229196755,0.22294025266133521,1.5586320342868278,1.1481854340601576,1.7902757334907466,0.8406769394798231,0.9419061580349508,0.6993883777736345,0.8896347330403632,0.48336372368705427,0.3858119684150003,0.23312241817843848,1.7637758862697348,1.5041123207448752,1.027498770025784,1.4246637647382014,1.011884438113074,0.24771987709244714,0.15690480802620488,0.7270033177192583,0.18897782657276196,0.14668676044242435
0.7493599471765167,0.44985515959343747,1.5643108767509042,0.4076604750210624,0.25379863055487706,0.3167001493585341,0.4407821325699173,0.9792926984479322,0.25923617122900544,0.46127062264450713,0.49427002073029425,1.607241249850209,0.6521683331822354,0.34910572416568364,0.2311170948874196,0.20779587500907037,0.4758940194574054,0.6136993229196755,0,0.7830707390305042,0.5173482574753492,1.6821621099854938,1.4421276982825553,0.30247667471548,0.3582143241968694,0.4354195195669094,0.3871048172848164,0.3856247426438323,0.4486735791298718,0.8796736699171692,0.8416097030774123,1.4700245537437817,0.2824451375064285,0.8236658004994493,1.201518966868066,0.5384877629737312,0.9397895044549016,0.3022273347204605,0.6454485506669394,0.6877388992733566
1.7241885459399735,1.5395533604997813,1.0313637189453349,0.7205706806454848,0.954612671035674,1.2584057255517511,1.3443841621578478,0.25262759219608333,0.9086154064563761,0.9120777582286039,1.622060514846444,1.240423833080337,1.32911339199795,0.43047112610995375,0.9881372517479187,0.5052701949567298,0.5015279435270283,0.22294025266133521,0.7830707390305042,0,1.6429698491772835,1.2028000785180002,1.7157735049373795,0.9667611541951319,1.2262808061008574,0.7722274169501187,1.1694650795083377,0.7220471941186276,0.6810493857043745,0.41628064453553626,1.7193139110792885,1.2569362689623425,1.1492714648528608,1.5838614116792002,1.1752904361185106,0.36249211871066045,0.23866662417354434,0.9104171686384495,0.30949293079241846,0.31867196018066324
0.08511058563511553,0.05460601875205273,1.1772022576830052,0.7807868263281387,0.596915090613053,0.3861675661005888,0.2749340296570495,1.8014280795263167,0.4605377696114442,0.9348625689994703,0.01731759153072676,1.1911299806610876,0.618858843320852,1.052410476489191,0.603196391527525,0.8301559767620834,1.0544642919134282,1.5586320342868278,0.5173482574753492,1.6429698491772835,0,1.335626407333503,0.6132161338546138,0.5098052561495757,0.4746588518506546,0.7726793529311923,0.610417679746108,0.9539207134024222,0.9918059118847307,1.6277093719697564,0.1113996148230314,0.979138484509565,0.2864953357197426,0.3721142200856693,1.111523567823943,1.2761285142527181,1.731432332481073,0.610557646600592,1.430226107936149,1.54683897926901
1.0647328422733353,1.2735917674677566,0.7021571624368009,1.3694589248667164,1.2874720751170723,1.3847730146557145,1.0373961834297154,1.092426228970751,1.3539656342231234,1.2815842514458367,1.3586414414622277,0.5212787397268172,1.2270119025387884,1.3521011057752803,1.3242055423008217,1.4715830854569254,1.26901178230655,1.1481854340601576,1.6821621099854938,1.2028000785180002,1.335626407333503,0,0.6792604823123107,1.617403589816993,1.2585855246282671,1.1555984491984301,1.516762599975905,1.2791078612766813,1.4114166712035914,0.9066974213105174,1.058175964714345,1.141190152953999,1.1965667204011734,0.8836617012509755,0.7361413390898288,1.0064313492422048,0.8978400053068449,1.1809573825919617,1.0168382173711885,1.1117595329849792
0.3722003065503391,0.7452972118132615,0.75281221965698,1.5330720478594546,1.2632834540475206,1.1759532463382167,1.0184358706743457,1.8026083567857434,1.3435757500049983,1.4460157640182694,0.6715390125263249,0.7775256481451518,0.7690615556749156,1.7562503111798426,1.4845667189613025,1.6333561516679682,1.583584302659909,1.7902757334907466,1.4421276982825553,1.7157735049373795,0.6132161338546138,0.6792604823123107,0,1.547657729685181,0.8472366776305928,1.1269636419538551,0.9533663694973163,1.3212617692465758,1.5204511326541554,1.3650085234061569,0.34499073737428276,0.8170568512094609,1.0985893658518204,0.44250662995495027,0.7683725198122562,1.711724247052632,1.7670349056244588,1.2603265190544513,1.7976694330604759,1.7102471369929935
0.8083992607527003,0.46872294658141167,1.3046087959018728,0.46382169904338544,0.505561030276374,0.39356142875980415,0.45827879054779996,0.9758427835587287,0.30081926651572366,0.6422746351595019,0.46878971111059997,1.2819629603136633,0.8929777137997358,0.5044379703727431,0.2930728923046797,0.37423416967610434,0.6305827534760714,0.8406769394798231,0.30247667471548,0.9667611541951319,0.5098052561495757,1.617403589816993,1.547657729685181,0,0.8922203848007546,0.8597736888440344,0.8070964066818357,0.8864015804401315,0.5097361729580236,1.3339637397587163,0.8304967441662738,0.9632160183043009,0.4175114516462096,1.0403021837193895,1.3273873707891073,0.7162928282441238,0.9788914001408537,0.5679946209949136,0.7477206498212033,0.8743706384784007
0.5061402691515104,0.48134766937142426,1.4959705908831182,0.7974042113554733,0.46079178236897755,0.39447039544439577,0.5408097330309896,1.3119684216198313,0.5920839256593935,0.5951926061133861,0.5010529333170869,1.4149811146165443,0.5037386461195917,0.7875707070173174,0.5467992157037451,0.6477970120638894,0.936154505610531,0.9419061580349508,0.3582143241968694,1.2262808061008574,0.4746588518506546,1.2585855246282671,0.8472366776305928,0.8922203848007546,0,0.3572961603016507,0.28346196659658096,0.3436104671270337,0.8682074427757616,0.7274290827677934,0.6645449951396074,1.5548256095711213,0.4340589733107839,0.3920466077589865,0.7756162685857426,0.8124470882767179,1.198667011159145,0.47047402733784427,0.9746807099758966,0.9235330751418557
0.8645383848238077,0.7885904676876967,1.3272765711509356,0.8285823747699748,0.5560394140699965,0.8586828123008332,0.6766803206520235,1.0177312119848134,0.35459216950791683,1.0601220085247882,0.8041152497433288,1.4722934385765,0.9735542151005214,0.4943916625358985,0.5999424301000935,0.3285685450307214,0.7769935818382658,0.6993883777736345,0.4354195195669094,0.7722274169501187,0.7726793529311923,1.1555984491984301,1.1269636419538551,0.8597736888440344,0.3572961603016507,0,0.7306754556907353,0.4026854524035466,0.8258567943906319,0.6363456671217584,1.0053346319667664,1.6379711675354973,0.44167203045271086,0.5908789261645323,0.7020131594836327,0.42784747066075024,0.7189164390845673,0.5531079300518483,0.5862669192766632,0.5569995540201524
0.7062819299887795,0.578213116001993,1.4609146104191062,0.8546578688967119,0.34134128747398684,0.3732674661326335,0.7123419200386695,1.0981202103475656,0.7726971335647556,0.36929214001095,0.6216227714413113,1.3986731403385817,0.49579143878565624,0.803572872831444,0.5527823826707174,0.790851023938089,0.9637737237695374,0.8896347330403632,0.3871048172848164,1.1694650795083377,0.610417679746108,1.516762599975905,0.9533663694973163,0.8070964066818357,0.28346196659658096,0.7306754556907353,0,0.5089887111558613,0.7868895680836971,0.7952207285942842,0.7646582200561937,1.3214311773437064,0.7148154685453181,0.7835274825613671,1.1151758726303167,1.0828797495330913,1.259799445673339,0.6537154104540286,1.1237624278470228,0.8437310989771186
1.050503696250483,0.8637373874403315,1.4624424923112351,0.4327611355392299,0.5900402219675847,0.62037154753758,0.6788216794845365,0.7430702738496124,0.5522312591005893,0.6606387697797818,0.9987486281263467,1.4324056640499636,0.8939512760295456,0.4494868767689576,0.6249213948217993,0.6111283264733305,0.8215752269650968,0.48336372368705427,0.3856247426438323,0.7220471941186276,0.9539207134024222,1.2791078612766813,1.3212617692465758,0.8864015804401315,0.3436104671270337,0.4026854524035466,0.5089887111558613,0,0.7678278133466336,0.46864722177613316,1.2052222423759158,1.6465290642443493,0.5884940741091886,0.8333385617476873,0.9039300763401823,0.40515797628362404,0.6740141149617677,0.2600274677386255,0.40482104316582845,0.5404346212897024
1.1778065015247174,0.9135975580149914,1.2943560617419547,0.7584113691485158,0.6182764170498951,0.6497812463759982,0.8599943366780846,0.7009465237770505,0.6338032746627736,0.5395372932857649,0.911632696173083,1.4940582734211265,0.5167538529601092,0.4704140154170504,0.4187622528545898,0.4450985143642602,0.451172178359173,0.3858119684150003,0.4486735791298718,0.6810493857043745,0.9918059118847307,1.4114166712035914,1.5204511326541554,0.5097361729580236,0.8682074427757616,0.8258567943906319,0.7868895680836971,0.7678278133466336,0,0.8299603326938221,1.1796176800026101,1.2932014279300341,0.7471284735742671,1.280158934171297,1.2854965204730882,0.6464272230981096,0.6879583401836495,0.7754240115678124,0.6366231106948947,0.6755069648496254
1.5796650724834687,1.5722244276616606,1.3827105018889174,0.9878418631167301,0.8833566585396512,1.152184307190422,1.293785050360203,0.37226323302606457,1.1744918476274422,0.7568274555260943,1.6337376483252015,1.1898550863281905,0.954149857493464,0.7375744551588951,0.8997289793820185,0.8297478659190425,0.7544871808233029,0.23312241817843848,0.8796736699171692,0.41628064453553626,1.6277093719697564,0.9066974213105174,1.3650085234061569,1.3339637397587163,0.7274290827677934,0.6363456671217584,0.7952207285942842,0.46864722177613316,0.8299603326938221,0,1.711661789791675,1.5539990831828412,1.259339476735903,1.128918611645217,0.6442135158696203,0.45386015807977476,0.31518649115309016,0.8955584440777621,0.44835415698196246,0.22941346088363967
0.04271231093984085,0.14307048757714558,1.0128463526078328,1.02827072716646,0.7198923160417031,0.5637598397329803,0.4181451632997739,1.9503300608575524,0.7307588971024455,1.1576474060292063,0.13831274556617656,1.056904738179993,0.6464560198167018,1.3379096239474064,0.9377258732314192,1.1074442384540693,1.2173828765541512,1.7637758862697348,0.8416097030774123,1.7193139110792885,0.1113996148230314,1.058175964714345,0.34499073737428276,0.8304967441662738,0.6645449951396074,1.0053346319667664,0.7646582200561937,1.2052222423759158,1.1796176800026101,1.711661789791675,0,0.8608662847703166,0.6034777586974868,0.4010608610222627,1.1741498690761523,1.5589989230693253,1.9056005936622358,0.9105914003523279,1.6892556846763502,1.791693293156043
0.9772169006570977,1.1063816419032988,0.6841421606766116,1.2189503421579586,1.5713619914732777,1.2548666771038754,1.322863240371842,1.1513115380555579,1.419358237825509,1.3186043558365546,0.9449342464593158,0.8269375691053564,1.1350927469430434,1.4802088984826018,1.385679587232027,1.4566543717552798,1.2244376140999065,1.5041123207448752,1.4700245537437817,1.2569362689623425,0.979138484509565,1.141190152953999,0.8170568512094609,0.9632160183043009,1.5548256095711213,1.6379711675354973,1.3214311773437064,1.6465290642443493,1.2932014279300341,1.5539990831828412,0.8608662847703166,0,1.5273274176817364,1.1748043220184632,1.061224379694078,1.619162236029883,1.3995415821331398,1.650817191676831,1.5492179079434432,1.5057097840498552
0.5110138501696891,0.26375661151484064,1.1781725861275727,0.47837522041409564,0.38362919972511555,0.3713209336181994,0.24142505595938368,1.2886633544515655,0.1503020036842736,0.6491072800927019,0.3122809445626029,1.283515987511829,0.8766676594851553,0.48060955774545033,0.4040560797873264,0.3966789165657999,0.8042918027165379,1.027498770025784,0.2824451375064285,1.1492714648528608,0.2864953357197426,1.1965667204011734,1.0985893658518204,0.4175114516462096,0.4340589733107839,0.44167203045271086,0.7148154685453181,0.5884940741091886,0.7471284735742671,1.259339476735903,0.6034777586974868,1.5273274176817364,0,0.6638933017450008,1.2232307504766546,0.4867328391273241,1.0092812614057567,0.1771470565623332,0.631246377856455,0.8724620291211684
0.22022594327771472,0.4510233856877254,1.458619245809739,1.0263414146089263,0.781059918701163,0.7452662900236502,0.5246183995909597,1.6586908247542849,0.7784897314285728,1.1949966386003323,0.3697290678547366,1.0552817778631658,0.5516638424856439,1.3199434673901729,0.79364951207267,1.0216112139332862,1.036202053689222,1.4246637647382014,0.8236658004994493,1.5838614116792002,0.3721142200856693,0.8836617012509755,0.44250662995495027,1.0403021837193895,0.3920466077589865,0.5908789261645323,0.7835274825613671,0.8333385617476873,1.280158934171297,1.128918611645217,0.4010608610222627,1.1748043220184632,0.6638933017450008,0,0.3721502152585856,1.2252156361017452,1.5125646362658094,0.8162243620974653,1.3850989468491708,1.3558347322078674
0.9607070084577312,1.2539363725530894,1.4151779212721798,1.238276191529162,1.240939577786426,1.2979588878232804,1.1615615820658651,0.9836549050462725,1.2200905785387817,1.2736342346117278,1.073195356109107,0.8792175632958883,0.8145058811205733,1.3150135902248397,1.012439431485795,1.1391092023998146,0.9615105049073098,1.011884438113074,1.201518966868066,1.1752904361185106,1.111523567823943,0.7361413390898288,0.7683725198122562,1.3273873707891073,0.7756162685857426,0.7020131594836327,1.1151758726303167,0.9039300763401823,1.2854965204730882,0.6442135158696203,1.1741498690761523,1.061224379694078,1.2232307504766546,0.3721502152585856,0,1.0033749019302045,0.9031383957214443,1.197761578144541,1.0640866571047796,0.872201137745479
1.4359747828548477,1.1790098688745116,1.0917992694195335,0.5548975250491277,0.7956390456111218,0.9378507362583923,0.8969269145096652,0.4377649816150163,0.5650495505154327,0.6014785923941572,1.2924067524214242,1.1701359635887933,1.30700836431189,0.20856640639301116,0.5767713696947216,0.3523071982515883,0.6114217663722561,0.24771987709244714,0.5384877629737312,0.36249211871066045,1.2761285142527181,1.0064313492422048,1.711724247052632,0.7162928282441238,0.8124470882767179,0.42784747066075024,1.0828797495330913,0.40515797628362404,0.6464272230981096,0.45386015807977476,1.5589989230693253,1.619162236029883,0.4867328391273241,1.2252156361017452,1.0033749019302045,0,0.17366865037627255,0.3448733682481643,0.0368024985628449,0.17621924443085468
1.838084931751626,1.6399428984673738,1.007507353558588,0.8131067000893462,1.0572479755181272,1.2792201428946348,1.2989296250798927,0.12135262907569766,0.9224478988121837,0.7605088068857522,1.7162933893228887,1.0229974283443872,1.408211717230928,0.39728049039414937,0.8363036043129333,0.6075012778158525,0.6685426095084269,0.15690480802620488,0.9397895044549016,0.23866662417354434,1.731432332481073,0.8978400053068449,1.7670349056244588,0.9788914001408537,1.198667011159145,0.7189164390845673,1.259799445673339,0.6740141149617677,0.6879583401836495,0.31518649115309016,1.9056005936622358,1.3995415821331398,1.0092812614057567,1.5125646362658094,0.9031383957214443,0.17366865037627255,0,0.8001200845242971,0.10240211054798021,0.10120974574127228
0.7812479519727871,0.5209654382831987,1.3068661342044363,0.3068405151091408,0.4378119590691475,0.4334374485062591,0.3703536658391545,0.9978062183404638,0.31694168775118803,0.547641098372185,0.6610383827179355,1.3103601314404967,0.9091624400374019,0.4850603323925349,0.49626079129469713,0.5517696434919481,0.8212415539447868,0.7270033177192583,0.3022273347204605,0.9104171686384495,0.610557646600592,1.1809573825919617,1.2603265190544513,0.5679946209949136,0.47047402733784427,0.5531079300518483,0.6537154104540286,0.2600274677386255,0.7754240115678124,0.8955584440777621,0.9105914003523279,1.650817191676831,0.1771470565623332,0.8162243620974653,1.197761578144541,0.3448733682481643,0.8001200845242971,0,0.40873266699223454,0.6719640350521193
1.5934057626382945,1.302087232451348,1.051502214352993,0.5281974517189958,0.8635813462164191,0.9902914558017901,0.9763361216715315,0.290930809786649,0.6297595318368371,0.6287022554873801,1.4444211950923482,1.1295082385999573,1.3819354934095447,0.21385354874540585,0.6578952585729493,0.45905258432718665,0.6630401965142265,0.18897782657276196,0.6454485506669394,0.30949293079241846,1.430226107936149,1.0168382173711885,1.7976694330604759,0.7477206498212033,0.9746807099758966,0.5862669192766632,1.1237624278470228,0.40482104316582845,0.6366231106948947,0.44835415698196246,1.6892556846763502,1.5492179079434432,0.631246377856455,1.3850989468491708,1.0640866571047796,0.0368024985628449,0.10240211054798021,0.40873266699223454,0,0.15798993223314783
1.682816954728783,1.463921761655183,1.199165687465733,0.8157559483822224,0.7845938762631056,1.0889486775283808,1.1862517319828911,0.1997587143054781,0.8190146505842516,0.5766420713427969,1.539481768036596,1.1626463977177737,1.230722879077339,0.36242563210096146,0.6381953595285378,0.5028670699399935,0.6695027108654016,0.14668676044242435,0.6877388992733566,0.31867196018066324,1.54683897926901,1.1117595329849792,1.7102471369929935,0.8743706384784007,0.9235330751418557,0.5569995540201524,0.8437310989771186,0.5404346212897024,0.6755069648496254,0.22941346088363967,1.791693293156043,1.5057097840498552,0.8724620291211684,1.3558347322078674,0.872201137745479,0.17621924443085468,0.10120974574127228,0.6719640350521193,0.15798993223314783,0
